CPU0
P1,1     0       14
P3,1     15       15
P1,2     16       20
P3,1     21       34
P8,1     35       40
P11,1     41       45
P9,1     46       46
P11,2     47       48
P9,1     49       55
P1,3     56       70
P3,2     71       71
P1,4     72       76
P3,2     77       90
P1,5     91       105
P9,2     106       107
P1,6     108       112
P3,3     113       127
P1,7     128       142
P3,4     143       143
P1,8     144       148
P3,4     149       162
P1,9     163       177
P3,5     178       178
P1,10     179       183
P3,5     184       197
P1,11     198       212
P3,6     213       213
P1,12     214       218
P3,6     219       232
P1,13     233       247
P3,7     248       248
P1,14     249       253
P3,7     254       267
P1,15     268       282
P3,8     283       283
P1,16     284       288
P3,8     289       289
P1,17     290       294
P3,8     295       307
P1,18     308       322
P3,9     323       323
P1,19     324       328
P3,9     329       329
P1,20     330       334
P3,9     335       347
P5,1     348       362
P3,10     363       363
P5,2     364       368
P3,10     369       369
P5,3     370       374
P3,10     375       375
P5,4     376       380
P3,10     381       381
P5,5     382       386
P3,10     387       387
P5,6     388       392
P3,10     393       393
P5,7     394       398
P3,10     399       399
P5,8     400       404
P3,10     405       405
P5,9     406       410
P3,10     411       411
P5,10     412       416
P3,10     417       422
P5,11     423       427
P3,11     428       428
P5,12     429       433
P3,11     434       434
P5,13     435       439
P3,11     440       440
P5,14     441       445
P3,11     446       446
P5,15     447       451
P3,11     452       452
P5,16     453       457
P3,11     458       458
P5,17     459       463
P3,11     464       464
P5,18     465       469
P3,11     470       470
P5,19     471       475
P3,11     476       476
P5,20     477       481
P3,11     482       487
P5,21     488       492
P3,12     493       493
P5,22     494       498
P3,12     499       499
P5,23     500       504
P3,12     505       517
P7,1     518       532
P3,13     533       547
P7,2     548       562
P3,14     563       577
P7,3     578       592
P3,15     593       607
P7,4     608       622
P3,16     623       637
P7,5     638       652
P3,17     653       667
P7,6     668       682
P3,18     683       697
P7,7     698       712
P12,1     713       727
P7,8     728       742
P12,2     743       757
P7,9     758       772
P12,3     773       787
P7,10     788       802
P12,4     803       817
P7,11     818       832
P12,5     833       847
P7,12     848       862
P12,6     863       877
P7,13     878       892
P12,7     893       907
P7,14     908       922
P12,8     923       937
P4,1     938       938
P12,9     939       953
P4,1     954       954
P12,10     955       969
P4,1     970       970
P12,11     971       985
P4,1     986       986
P12,12     987       1001
P4,1     1002       1002
P12,13     1003       1017
P4,1     1018       1018
P12,14     1019       1033
P4,1     1034       1034
P12,15     1035       1049
P4,1     1050       1050
P12,16     1051       1065
P4,1     1066       1066
P12,17     1067       1081
P4,1     1082       1082
P12,18     1083       1097
P4,1     1098       1098
P12,19     1099       1113
P4,1     1114       1114
P12,20     1115       1129
P4,1     1130       1130
P12,21     1131       1145
P4,1     1146       1146
P12,22     1147       1161
P4,1     1162       1162
P12,23     1163       1177
P4,1     1178       1212
P6,1     1213       1292
P2,1     1293       1293
P6,2     1294       1373
P2,1     1374       1472
P4,2     1473       1572
P10,1     1573       1573
P4,3     1574       1583
P10,1     1584       1682
P2,2     1683       1862
P6,3     1863       1863
P2,3     1864       1873
P6,3     1874       2074
P6,4     2075       2089
