CPU0
P1,1 0 1
P2,1 2 2
P3,1 3 3
P4,1 4 4
P5,1 5 7
P6,1 8 10
P5,2 11 11
P4,1 12 12
P5,3 13 15
P4,1 16 17
P3,1 18 18
P4,2 19 78
P3,1 79 82
P4,3 83 109
P3,2 110 153
P4,4 154 181
P3,3 182 182
P4,5 183 192
P3,3 193 194
P4,6 195 203
P2,1 204 264
P3,4 265 273
P2,2 274 274
P3,5 275 294
P2,2 295 295
P3,6 296 305
P2,2 306 345
P1,1 346 346
P2,3 347 396
P1,1 397 399
P2,4 400 468
P1,2 469 490
P2,5 491 509
P1,3 510 510
P2,6 511 520
P1,3 521 571
P7,1 572 573
P1,4 574 643
P7,1 644 644
P1,5 645 704
P7,1 705 713
P1,6 714 715
P7,2 716 717
CPU1
P1,1 2 2
P2,1 3 3
P3,1 4 4
P4,1 5 5
P6,1 6 7
P4,1 8 8
P5,2 9 10
P4,1 11 11
P3,1 12 12
P4,1 13 15
P3,1 16 17
P2,1 18 18
P3,1 19 78
P2,1 79 79
P4,3 80 82
P2,1 83 83
P3,2 84 109
P2,1 110 111
P4,4 112 153
P2,1 154 154
P3,3 155 181
P2,1 182 182
P3,3 183 192
P2,1 193 193
P4,6 194 194
P2,1 195 203
P3,4 204 264
P1,1 265 265
P2,2 266 273
P1,1 274 274
P2,2 275 294
P1,1 295 295
P2,2 296 305
P1,1 306 345
P7,1 346 346
P1,1 347 396
P7,1 397 398
P2,4 399 399
P7,1 400 400
P1,2 401 468
P7,1 469 469
P2,5 470 490
P7,1 491 491
P1,3 492 509
P7,1 510 510
P1,3 511 520
P7,1 521 571
P7,1 574 643
P7,1 645 704
P1,6 706 713
P7,2 715 715
