CPU0
P1,1 0 0
P2,1 1 3
P1,1 4 4
P2,2 5 7
P3,1 8 8
P2,3 9 11
P3,1 12 15
P3,2 17 22
P4,1 23 25
P6,1 26 27
P4,2 28 29
P8,1 30 30
P10,1 31 32
P4,3 33 33
P12,1 34 35
P10,2 36 36
P6,2 37 38
P12,2 39 39
P10,3 40 41
P6,3 42 42
P12,3 43 44
P8,2 45 45
P11,1 46 47
P18,1 48 48
P8,3 49 50
P11,2 51 51
P18,2 52 53
P17,1 54 54
P11,3 55 56
P18,3 57 57
P17,2 58 59
P14,1 60 60
P13,1 61 62
P17,3 63 63
P14,2 64 65
P13,2 66 66
P16,1 67 68
P14,3 69 69
P13,3 70 71
P16,2 72 72
P15,1 73 74
P16,3 75 76
P15,2 77 78
P9,1 79 79
P15,3 80 82
P9,1 83 99
P3,2 100 100
P9,2 101 110
P3,2 111 132
P5,1 133 133
P3,3 134 163
P5,1 164 179
P3,4 180 235
P5,2 236 236
P3,5 237 246
P5,2 247 250
P3,6 251 257
P5,3 258 291
P7,1 292 330
P5,4 331 363
P7,2 364 364
P5,5 365 384
P7,2 385 385
P5,6 386 395
P7,2 396 411
P7,3 413 462
P7,4 465 534
P7,5 536 575
P7,6 577 586
CPU1
P1,1 1 3
P3,1 6 7
P3,1 9 11
P3,2 23 24
P6,1 25 25
P3,2 26 26
P4,2 27 27
P8,1 28 29
P10,1 30 30
P4,3 31 32
P12,1 33 33
P10,2 34 35
P6,2 36 36
P12,2 37 38
P10,3 39 39
P6,3 40 41
P12,3 42 42
P8,2 43 44
P11,1 45 45
P18,1 46 47
P8,3 48 48
P11,2 49 50
P18,2 51 51
P17,1 52 53
P11,3 54 54
P18,3 55 56
P17,2 57 57
P14,1 58 59
P13,1 60 60
P17,3 61 62
P14,2 63 63
P13,2 64 65
P16,1 66 66
P14,3 67 68
P13,3 69 69
P16,2 70 71
P15,1 72 72
P9,1 73 73
P16,3 74 74
P9,1 75 75
P15,2 76 76
P9,1 77 78
P3,2 79 79
P9,1 80 82
P3,2 83 99
P5,1 100 100
P3,2 101 110
P5,1 111 132
P7,1 133 133
P5,1 134 163
P7,1 164 165
P3,4 166 179
P7,1 180 180
P5,2 181 235
P7,1 236 236
P5,2 237 246
P7,1 247 247
P3,6 248 250
P7,1 251 251
P5,3 252 257
P7,1 258 291
P5,4 294 330
P7,2 332 363
P7,2 365 384
P7,2 386 395
