CPU0
P1,1     0       0
P2,1     1       3
P1,1     4       7
P2,2     8       10
P3,1     11       11
P2,3     12       14
P3,1     15       23
P4,1     24       26
P6,1     27       29
P4,2     30       32
P10,1     33       35
P4,3     36       38
P10,2     39       41
P6,2     42       44
P17,1     45       47
P18,1     48       50
P17,2     51       53
P18,2     54       56
P17,3     57       59
P18,3     60       62
P10,3     63       65
P6,3     66       68
P8,1     69       71
P11,1     72       74
P8,2     75       77
P11,2     78       80
P8,3     81       83
P11,3     84       86
P12,1     87       89
P13,1     90       92
P12,2     93       95
P13,2     96       98
P12,3     99       101
P13,3     102       104
P14,1     105       107
P15,1     108       110
P14,2     111       113
P15,2     114       116
P14,3     117       119
P15,3     120       122
P16,1     123       125
P9,1     126       126
P16,2     127       129
P9,1     130       130
P16,3     131       133
P9,1     134       156
P3,2     157       157
P9,2     158       167
P3,2     168       226
P5,1     227       227
P3,3     228       257
P5,1     258       326
P3,4     327       396
P5,2     397       397
P3,5     398       407
P5,2     408       408
P3,6     409       418
P5,2     419       486
P7,1     487       487
P5,3     488       527
P7,1     528       529
P5,4     530       599
P7,1     600       600
P5,5     601       620
P7,1     621       621
P5,6     622       631
P7,1     632       707
P7,2     708       788
P7,3     789       840
P7,4     841       911
P7,5     912       952
P7,6     953       962
