CPU0
P1,1      0      4
P2,2      6      8
P2,3      11      13
P3,2      18      77
P12,1      78      80
P13,1      81      83
P12,2      84      86
P14,1      87      89
P15,1      90      92
P14,2      93      95
P16,1      96      98
P9,1      99      123
P16,3      124      126
P9,2      127      136
P5,1      137      206
P3,4      207      276
P7,2      277      356
P7,3      359      408
P7,4      412      481
P7,5      484      523
P7,6      526      535
CPU1
P2,1      1      3
P3,1      6      15
P4,1      23      25
P6,1      26      28
P4,2      29      31
P10,1      32      34
P4,3      35      37
P10,2      38      40
P6,2      41      43
P17,1      44      46
P18,1      47      49
P17,2      50      52
P18,2      53      55
P17,3      56      58
P18,3      59      61
P10,3      62      64
P6,3      65      67
P8,1      68      70
P11,1      71      73
P8,2      74      76
P11,2      77      79
P8,3      80      82
P11,3      83      85
P13,2      86      88
P12,3      89      91
P13,3      92      94
P15,2      95      97
P14,3      98      100
P15,3      101      103
P16,2      104      106
P3,3      107      136
P7,1      137      216
P5,2      217      286
P3,5      287      296
P5,3      297      336
P3,6      337      346
P5,4      347      416
P5,5      419      438
P5,6      441      450
